0 0.835938 0.355208 0.190625 0.252083
0 0.754687 0.667708 0.168750 0.256250
0 0.261719 0.402083 0.145313 0.216667
0 0.533594 0.160417 0.145313 0.216667
0 0.814844 0.107292 0.157812 0.210417
0 0.079687 0.700000 0.156250 0.212500
0 0.333594 0.597917 0.157812 0.212500
0 0.246094 0.754167 0.176563 0.204167
0 0.421094 0.770833 0.176563 0.204167
0 0.924219 0.700000 0.151562 0.208333
0 0.697656 0.227083 0.151562 0.208333
0 0.237500 0.883333 0.143750 0.154167
0 0.102344 0.145833 0.198437 0.208333
0 0.387500 0.342708 0.109375 0.277083
0 0.621875 0.851042 0.159375 0.214583
0 0.104688 0.469792 0.159375 0.214583
0 0.921094 0.918750 0.157812 0.162500
2 0.725781 0.942708 0.085938 0.110417
2 0.499219 0.857292 0.054688 0.047917
1 0.556250 0.513542 0.378125 0.452083