0 0.070312 0.664583 0.137500 0.245833
0 0.198437 0.347917 0.171875 0.258333
0 0.600781 0.555208 0.139063 0.214583
0 0.410938 0.601042 0.178125 0.172917
0 0.543750 0.753125 0.190625 0.210417
0 0.356250 0.830208 0.190625 0.210417
0 0.623437 0.113542 0.150000 0.202083
0 0.731250 0.267708 0.200000 0.177083
0 0.790625 0.889583 0.175000 0.220833
0 0.778906 0.646875 0.198437 0.214583
0 0.128906 0.892708 0.185938 0.214583
0 0.325000 0.121875 0.150000 0.202083
0 0.870313 0.407292 0.150000 0.202083
0 0.816406 0.081250 0.151562 0.158333
1 0.453906 0.321875 0.323437 0.460417