0 0.787500 0.273958 0.159375 0.210417
0 0.839844 0.497917 0.192188 0.283333
0 0.625781 0.550000 0.170313 0.216667
0 0.117969 0.333333 0.160938 0.195833
0 0.353125 0.168750 0.196875 0.208333
0 0.201563 0.713542 0.143750 0.164583
0 0.560156 0.247917 0.170313 0.229167
0 0.166406 0.227083 0.145313 0.200000
0 0.342969 0.757292 0.142187 0.177083
0 0.377344 0.426042 0.157812 0.168750
0 0.219531 0.476042 0.154688 0.197917
0 0.337500 0.500000 0.146875 0.158333
0 0.787500 0.702083 0.000000 0.000000
1 0.588281 0.840625 0.414062 0.318750