0 0.317969 0.401042 0.145313 0.218750
0 0.073438 0.544792 0.143750 0.218750
0 0.188281 0.743750 0.148438 0.241667
0 0.635156 0.833333 0.148438 0.200000
0 0.665625 0.395833 0.146875 0.237500
0 0.512500 0.365625 0.150000 0.222917
0 0.623437 0.589583 0.159375 0.225000
0 0.729688 0.600000 0.159375 0.225000
0 0.778125 0.872917 0.159375 0.225000
0 0.571875 0.067708 0.156250 0.131250
0 0.124219 0.233333 0.167187 0.225000
0 0.739844 0.085417 0.157812 0.166667
0 0.857812 0.069792 0.159375 0.135417
1 0.380469 0.691667 0.292187 0.391667