1 0.643750 0.770833 0.256250 0.283333
2 0.622656 0.259375 0.073438 0.089583
2 0.791406 0.428125 0.073438 0.089583
0 0.660937 0.412500 0.187500 0.237500
0 0.521875 0.454167 0.187500 0.237500
0 0.429688 0.575000 0.187500 0.237500
0 0.245312 0.816667 0.187500 0.237500
0 0.101562 0.664583 0.187500 0.237500
0 0.171875 0.595833 0.187500 0.237500
0 0.082031 0.311458 0.160938 0.197917
0 0.193750 0.303125 0.162500 0.197917
0 0.895312 0.326042 0.162500 0.197917
0 0.953906 0.306250 0.092188 0.195833
0 0.666406 0.080208 0.151562 0.156250
0 0.411719 0.116667 0.170313 0.229167
0 0.253125 0.091667 0.140625 0.179167
0 0.942969 0.841667 0.110937 0.237500
0 0.356250 0.293750 0.187500 0.237500
0 0.439063 0.870833 0.187500 0.237500