0 0.200000 0.771875 0.162500 0.214583
0 0.299219 0.654167 0.170313 0.229167
0 0.461719 0.732292 0.182812 0.227083
0 0.460156 0.898958 0.182812 0.202083
0 0.657031 0.826042 0.185938 0.231250
0 0.803906 0.486458 0.185938 0.231250
0 0.614844 0.586458 0.198437 0.247917
0 0.125781 0.486458 0.173437 0.214583
0 0.154688 0.271875 0.175000 0.206250
0 0.195312 0.086458 0.168750 0.168750
0 0.720313 0.294792 0.143750 0.189583
0 0.817187 0.276042 0.143750 0.189583
0 0.928125 0.095833 0.143750 0.187500
0 0.780469 0.091667 0.145313 0.179167
0 0.916406 0.798958 0.167187 0.235417
0 0.771094 0.725000 0.198437 0.250000
1 0.424219 0.215625 0.401562 0.385417