1 0.362500 0.631250 0.325000 0.366667
0 0.718750 0.466667 0.168750 0.200000
0 0.710938 0.264583 0.171875 0.225000
0 0.401562 0.285417 0.131250 0.208333
0 0.767188 0.731250 0.175000 0.204167
0 0.750000 0.839583 0.175000 0.204167
0 0.285938 0.887500 0.162500 0.183333
0 0.832812 0.433333 0.162500 0.183333
0 0.083594 0.801042 0.151562 0.206250
0 0.042188 0.318750 0.081250 0.216667
0 0.438281 0.889583 0.185938 0.154167
0 0.325000 0.088542 0.162500 0.172917
0 0.515625 0.189583 0.159375 0.225000
0 0.897656 0.091667 0.145313 0.179167
0 0.835156 0.113542 0.145313 0.181250
0 0.085938 0.622917 0.159375 0.225000
0 0.582812 0.810417 0.159375 0.225000
2 0.625781 0.131250 0.057813 0.066667