0 0.668750 0.497917 0.146875 0.200000
0 0.311719 0.415625 0.173437 0.206250
0 0.266406 0.568750 0.173437 0.245833
0 0.727344 0.631250 0.173437 0.245833
0 0.866406 0.382292 0.145313 0.231250
0 0.755469 0.138542 0.157812 0.227083
0 0.921094 0.861458 0.157812 0.227083
0 0.925781 0.645833 0.148438 0.195833
0 0.155469 0.785417 0.148438 0.195833
0 0.546094 0.139583 0.182812 0.187500
0 0.443750 0.855208 0.184375 0.206250
0 0.692187 0.917708 0.184375 0.164583
0 0.130469 0.070833 0.176563 0.137500
0 0.918750 0.081250 0.162500 0.158333
0 0.288281 0.818750 0.148438 0.229167
1 0.475000 0.597917 0.250000 0.241667
2 0.550000 0.354167 0.050000 0.058333
2 0.627344 0.169792 0.051562 0.064583