0 0.513281 0.846875 0.214062 0.197917
0 0.546094 0.694792 0.145313 0.189583
0 0.779687 0.818750 0.184375 0.204167
0 0.649219 0.214583 0.160938 0.204167
0 0.443750 0.275000 0.165625 0.187500
0 0.483594 0.431250 0.148438 0.179167
0 0.300000 0.173958 0.200000 0.235417
0 0.757031 0.100000 0.145313 0.195833
0 0.844531 0.105208 0.179688 0.206250
0 0.685937 0.573958 0.228125 0.243750
0 0.665625 0.396875 0.175000 0.193750
0 0.280469 0.808333 0.179688 0.262500
0 0.873437 0.477083 0.162500 0.220833
1 0.103906 0.684375 0.204687 0.439583