1 0.453125 0.392708 0.303125 0.402083
0 0.117969 0.729167 0.182812 0.216667
0 0.186719 0.886458 0.173437 0.222917
0 0.272656 0.798958 0.173437 0.222917
0 0.334375 0.665625 0.140625 0.227083
0 0.368750 0.719792 0.140625 0.227083
0 0.403125 0.748958 0.140625 0.227083
0 0.456250 0.769792 0.140625 0.227083
0 0.856250 0.731250 0.165625 0.212500
0 0.917188 0.879167 0.165625 0.212500
0 0.879687 0.120833 0.165625 0.212500
0 0.901563 0.204167 0.193750 0.225000
0 0.125000 0.370833 0.193750 0.225000
0 0.206250 0.243750 0.193750 0.225000
0 0.126562 0.172917 0.193750 0.225000
0 0.517188 0.075000 0.190625 0.145833
0 0.464062 0.944792 0.134375 0.110417
0 0.530469 0.952083 0.129688 0.095833