0 0.456250 0.156250 0.178125 0.216667
0 0.684375 0.406250 0.156250 0.200000
0 0.843750 0.579167 0.181250 0.250000
0 0.651563 0.664583 0.181250 0.250000
0 0.142187 0.432292 0.178125 0.147917
0 0.513281 0.848958 0.142187 0.177083
0 0.525781 0.711458 0.142187 0.177083
0 0.116406 0.909375 0.142187 0.177083
0 0.900781 0.794792 0.142187 0.177083
1 0.074219 0.598958 0.145313 0.264583
2 0.054688 0.262500 0.062500 0.079167
2 0.587500 0.288542 0.053125 0.077083
2 0.529687 0.267708 0.053125 0.077083
2 0.628906 0.226042 0.064062 0.081250