1 0.314063 0.379167 0.293750 0.354167
0 0.130469 0.456250 0.132812 0.254167
0 0.721094 0.776042 0.160938 0.239583
0 0.899219 0.811458 0.160938 0.239583
0 0.800781 0.844792 0.160938 0.239583
0 0.445312 0.914583 0.181250 0.170833
0 0.298438 0.914583 0.181250 0.170833
0 0.285938 0.847917 0.181250 0.170833
0 0.663281 0.409375 0.160938 0.193750
0 0.849219 0.505208 0.160938 0.193750
0 0.566406 0.537500 0.204687 0.237500
0 0.896094 0.197917 0.129688 0.195833
0 0.044531 0.392708 0.085938 0.277083
0 0.253906 0.097917 0.232813 0.191667
0 0.428125 0.611458 0.134375 0.177083
0 0.339062 0.687500 0.165625 0.191667
0 0.580469 0.373958 0.160938 0.193750