0 0.579688 0.497917 0.171875 0.154167
0 0.648438 0.145833 0.140625 0.220833
0 0.364844 0.119792 0.179688 0.231250
0 0.076563 0.620833 0.150000 0.275000
0 0.218750 0.563542 0.162500 0.222917
0 0.395313 0.496875 0.159375 0.185417
0 0.668750 0.689583 0.150000 0.241667
0 0.804688 0.601042 0.140625 0.310417
0 0.936719 0.593750 0.126562 0.304167
0 0.889062 0.262500 0.175000 0.212500
0 0.641406 0.333333 0.176563 0.183333
0 0.707031 0.908333 0.176563 0.183333
2 0.229687 0.371875 0.062500 0.093750
1 0.380469 0.785417 0.348438 0.429167