0 0.198437 0.617708 0.156250 0.193750
0 0.353906 0.716667 0.135937 0.195833
0 0.480469 0.722917 0.151562 0.220833
0 0.761719 0.712500 0.167187 0.208333
0 0.896875 0.689583 0.168750 0.241667
0 0.144531 0.891667 0.157812 0.187500
0 0.243750 0.360417 0.171875 0.250000
0 0.082031 0.327083 0.157812 0.187500
0 0.600781 0.520833 0.160938 0.212500
0 0.750000 0.423958 0.159375 0.181250
0 0.914062 0.167708 0.159375 0.181250
0 0.146094 0.128125 0.173437 0.210417
2 0.623437 0.932292 0.068750 0.093750
1 0.492969 0.175000 0.326562 0.345833
2 0.112500 0.036458 0.062500 0.068750