0 0.600000 0.858333 0.162500 0.195833
0 0.434375 0.914583 0.153125 0.170833
0 0.875781 0.357292 0.160938 0.222917
0 0.717969 0.130208 0.160938 0.222917
0 0.546094 0.292708 0.179688 0.222917
0 0.583594 0.475000 0.142187 0.225000
0 0.492969 0.643750 0.142187 0.225000
0 0.555469 0.686458 0.107813 0.160417
0 0.049219 0.168750 0.095312 0.216667
0 0.136719 0.328125 0.179688 0.222917
0 0.409375 0.223958 0.153125 0.218750
0 0.506250 0.081250 0.156250 0.158333
0 0.260937 0.207292 0.184375 0.202083
0 0.836719 0.871875 0.160938 0.222917
0 0.058594 0.891667 0.114062 0.191667
1 0.279687 0.532292 0.318750 0.422917
2 0.040625 0.703125 0.053125 0.060417