0 0.446094 0.854167 0.164062 0.175000
0 0.626563 0.896875 0.171875 0.189583
0 0.462500 0.246875 0.171875 0.189583
0 0.481250 0.089583 0.181250 0.175000
0 0.259375 0.773958 0.187500 0.235417
0 0.533594 0.420833 0.164062 0.175000
0 0.628906 0.314583 0.164062 0.175000
0 0.244531 0.129167 0.164062 0.175000
0 0.085156 0.565625 0.167187 0.210417
0 0.953906 0.894792 0.089063 0.210417
0 0.796094 0.862500 0.164062 0.175000
0 0.939844 0.138542 0.120313 0.193750
0 0.550000 0.676042 0.150000 0.260417
2 0.414062 0.620833 0.081250 0.095833
2 0.242188 0.604167 0.106250 0.125000
2 0.125781 0.297917 0.073438 0.100000
2 0.023438 0.638542 0.043750 0.085417
1 0.764062 0.583333 0.381250 0.475000