0 0.695312 0.566667 0.156250 0.208333
0 0.144531 0.341667 0.142187 0.200000
0 0.282031 0.329167 0.126562 0.220833
0 0.203125 0.862500 0.146875 0.175000
0 0.771094 0.719792 0.076563 0.306250
0 0.910937 0.700000 0.150000 0.195833
0 0.646094 0.755208 0.189062 0.222917
0 0.828125 0.293750 0.146875 0.187500
0 0.903906 0.270833 0.154688 0.179167
0 0.631250 0.240625 0.146875 0.202083
0 0.096875 0.634375 0.134375 0.197917
0 0.088281 0.731250 0.142187 0.191667
0 0.500781 0.320833 0.117188 0.216667
1 0.367188 0.718750 0.337500 0.391667