0 0.097656 0.594792 0.132812 0.177083
0 0.403906 0.627083 0.179688 0.166667
0 0.485938 0.309375 0.200000 0.272917
0 0.601562 0.759375 0.137500 0.210417
0 0.205469 0.305208 0.151562 0.193750
0 0.781250 0.602083 0.137500 0.229167
0 0.787500 0.075000 0.137500 0.145833
0 0.247656 0.532292 0.198437 0.252083
2 0.177344 0.859375 0.223438 0.281250
2 0.388281 0.396875 0.076563 0.093750
2 0.578906 0.455208 0.079687 0.085417
2 0.306250 0.102083 0.059375 0.062500
0 0.679688 0.769792 0.137500 0.210417
0 0.298438 0.329167 0.156250 0.225000