0 0.737500 0.254167 0.131250 0.166667
0 0.807031 0.073958 0.132812 0.143750
0 0.703125 0.063542 0.137500 0.122917
0 0.718750 0.448958 0.146875 0.206250
0 0.602344 0.140625 0.135937 0.177083
0 0.121875 0.433333 0.140625 0.208333
0 0.362500 0.482292 0.168750 0.227083
0 0.215625 0.685417 0.156250 0.216667
0 0.170313 0.808333 0.150000 0.195833
0 0.213281 0.138542 0.167187 0.210417
0 0.904687 0.894792 0.181250 0.210417
0 0.844531 0.341667 0.157812 0.212500
0 0.839063 0.612500 0.128125 0.204167
0 0.835938 0.608333 0.128125 0.204167
2 0.305469 0.868750 0.067187 0.100000
1 0.586719 0.753125 0.364063 0.427083