0 0.882031 0.454167 0.145313 0.208333
0 0.763281 0.296875 0.195312 0.231250
0 0.869531 0.738542 0.170313 0.235417
0 0.485156 0.627083 0.189062 0.233333
0 0.178125 0.332292 0.175000 0.231250
0 0.689063 0.652083 0.196875 0.229167
0 0.428125 0.357292 0.143750 0.189583
0 0.335938 0.259375 0.143750 0.189583
0 0.074219 0.087500 0.142187 0.170833
0 0.107031 0.564583 0.164062 0.175000
0 0.095312 0.656250 0.168750 0.216667
0 0.628906 0.430208 0.167187 0.331250
0 0.782031 0.081250 0.195312 0.158333
0 0.419531 0.230208 0.129688 0.164583
2 0.678906 0.863542 0.067187 0.077083
2 0.555469 0.477083 0.067187 0.079167
2 0.307031 0.402083 0.051562 0.100000
2 0.156250 0.068750 0.068750 0.075000
1 0.300000 0.805208 0.356250 0.389583