0 0.135937 0.918750 0.156250 0.162500
0 0.137500 0.201042 0.165625 0.210417
0 0.228125 0.388542 0.150000 0.256250
0 0.346094 0.512500 0.117188 0.258333
0 0.381250 0.242708 0.165625 0.210417
0 0.540625 0.276042 0.193750 0.206250
0 0.511719 0.097917 0.195312 0.191667
0 0.514844 0.527083 0.214062 0.258333
0 0.777344 0.237500 0.151562 0.195833
0 0.880469 0.637500 0.151562 0.195833
0 0.474219 0.891667 0.164062 0.204167
0 0.689063 0.834375 0.165625 0.222917
0 0.919531 0.283333 0.142187 0.183333
1 0.096094 0.651042 0.189062 0.397917