0 0.197656 0.734375 0.164062 0.214583
0 0.380469 0.764583 0.123438 0.145833
0 0.054688 0.654167 0.106250 0.229167
0 0.408594 0.363542 0.145313 0.168750
0 0.653125 0.087500 0.168750 0.170833
0 0.248438 0.271875 0.159375 0.222917
0 0.845313 0.100000 0.215625 0.195833
0 0.868750 0.855208 0.156250 0.214583
0 0.935937 0.579167 0.128125 0.258333
0 0.420312 0.920833 0.137500 0.158333
0 0.915625 0.334375 0.168750 0.218750
0 0.311719 0.103125 0.195312 0.202083
0 0.661719 0.827083 0.195312 0.204167
2 0.137500 0.929167 0.068750 0.091667
1 0.647656 0.580208 0.242188 0.389583
2 0.117969 0.403125 0.076563 0.072917