0 0.710156 0.122917 0.179688 0.241667
0 0.302344 0.683333 0.179688 0.241667
0 0.467969 0.683333 0.179688 0.241667
0 0.628125 0.819792 0.209375 0.243750
0 0.800000 0.721875 0.146875 0.235417
0 0.146875 0.263542 0.175000 0.202083
0 0.529687 0.071875 0.143750 0.139583
0 0.710156 0.370833 0.179688 0.241667
0 0.057813 0.454167 0.112500 0.237500
2 0.120313 0.919792 0.106250 0.127083
2 0.342969 0.892708 0.060937 0.085417
2 0.159375 0.418750 0.071875 0.112500
2 0.975781 0.302083 0.048438 0.100000
1 0.375000 0.267708 0.312500 0.422917