Resultados Hill Climbing
=========================

Número de reinas: 5
Iteraciones: [3, 2, 4, 2, 4, 4, 4, 3, 3, 4, 4, 4, 4, 2, 5, 3, 3, 4, 4, 4]
Tiempo: [0.0, 0.0, 0.0, 0.0010173320770263672, 0.0, 0.0, 0.0, 0.0, 0.0009999275207519531, 0.0, 0.0, 0.0, 0.0, 0.0009999275207519531, 0.0, 0.0, 0.0, 0.0, 0.0, 0.0011026859283447266]
Fitness: [1, 1, 0, 2, 0, 0, 0, 1, 0, 0, 0, 0, 0, 2, 0, 0, 0, 0, 0, 0]
------------------------------

Número de reinas: 15
Iteraciones: [9, 6, 6, 9, 5, 10, 7, 6, 8, 6, 7, 10, 10, 9, 8, 10, 7, 6, 7, 7]
Tiempo: [0.021773099899291992, 0.01419973373413086, 0.0147552490234375, 0.021651029586791992, 0.011512279510498047, 0.024890661239624023, 0.017672061920166016, 0.013617515563964844, 0.018971681594848633, 0.014699459075927734, 0.017358779907226562, 0.023444414138793945, 0.024111509323120117, 0.02107524871826172, 0.02008843421936035, 0.024082183837890625, 0.01613616943359375, 0.014532804489135742, 0.0170896053314209, 0.016584396362304688]
Fitness: [2, 2, 3, 1, 2, 1, 2, 1, 2, 2, 1, 1, 0, 1, 4, 0, 4, 2, 3, 1]
------------------------------

Número de reinas: 25
Iteraciones: [12, 15, 16, 13, 11, 13, 9, 15, 11, 11, 12, 12, 10, 10, 12, 12, 10, 11, 9, 13]
Tiempo: [0.20187902450561523, 0.2577669620513916, 0.268125057220459, 0.2234480381011963, 0.2002577781677246, 0.22188711166381836, 0.1534583568572998, 0.26468825340270996, 0.19910240173339844, 0.1884608268737793, 0.2079613208770752, 0.21655631065368652, 0.18111538887023926, 0.22585248947143555, 0.21689438819885254, 0.2175452709197998, 0.17154693603515625, 0.19684576988220215, 0.15848422050476074, 0.22674870491027832]
Fitness: [1, 2, 0, 2, 3, 2, 2, 2, 2, 2, 1, 4, 3, 4, 2, 2, 3, 3, 5, 4]
------------------------------

Número de reinas: 35
Iteraciones: [14, 18, 15, 17, 15, 15, 18, 14, 17, 15, 18, 15, 15, 19, 16, 16, 12, 15, 17, 14]
Tiempo: [0.8938798904418945, 1.2318487167358398, 0.9753601551055908, 1.109954833984375, 0.947101354598999, 0.9600226879119873, 1.2042794227600098, 0.9625921249389648, 1.1867499351501465, 1.0189807415008545, 1.196350336074829, 1.0097718238830566, 0.9719071388244629, 1.302840232849121, 1.063765048980713, 1.1973049640655518, 0.8005213737487793, 0.9943060874938965, 1.16749906539917, 0.9245443344116211]
Fitness: [2, 3, 5, 3, 3, 5, 3, 2, 3, 2, 2, 3, 4, 2, 3, 3, 5, 4, 2, 5]
------------------------------

Número de reinas: 45
Iteraciones: [19, 17, 21, 18, 19, 19, 21, 20, 22, 22, 23, 19, 19, 21, 16, 22, 21, 17, 22, 24]
Tiempo: [3.7187044620513916, 3.0357983112335205, 4.127508878707886, 3.242565393447876, 3.3180091381073, 3.3717916011810303, 3.812222957611084, 3.4800069332122803, 3.960245370864868, 3.854840040206909, 4.125591993331909, 3.412775754928589, 3.4512546062469482, 3.6944050788879395, 2.75816011428833, 3.8365392684936523, 3.7586829662323, 3.131805181503296, 3.915015697479248, 4.186659574508667]
Fitness: [5, 5, 5, 2, 3, 2, 2, 4, 3, 2, 3, 2, 4, 2, 6, 3, 5, 2, 3, 2]
------------------------------

Número de reinas: 55
Iteraciones: [27, 24, 29, 25, 23, 23, 23, 23, 24, 24, 26, 24, 28, 28, 25, 20, 22, 26, 25, 23]
Tiempo: [10.805047988891602, 9.451232433319092, 10.894685983657837, 9.673457384109497, 9.791268348693848, 9.835936069488525, 8.858657121658325, 8.773096323013306, 9.143301725387573, 9.520195007324219, 10.088719129562378, 9.238835334777832, 10.76732349395752, 11.197061538696289, 9.878798484802246, 7.781668663024902, 8.308288335800171, 9.917449474334717, 9.80478310585022, 9.398742437362671]
Fitness: [3, 5, 1, 2, 2, 4, 6, 4, 3, 3, 4, 5, 3, 1, 3, 5, 3, 3, 3, 5]
------------------------------

Número de reinas: 65
Iteraciones: [30, 28, 30, 28, 30, 32, 27, 28, 26, 25, 28, 32, 28, 28, 31, 24, 28, 32, 28, 33]
Tiempo: [24.983168840408325, 22.742066621780396, 23.32603645324707, 23.322243213653564, 26.755184650421143, 26.935566186904907, 23.430306673049927, 20.682589054107666, 21.89540147781372, 19.11250615119934, 21.242233276367188, 25.29405975341797, 22.142946004867554, 22.22800922393799, 25.04788088798523, 18.808513164520264, 22.060606718063354, 24.087193965911865, 20.819984197616577, 24.153088331222534]
Fitness: [7, 1, 4, 4, 3, 1, 5, 4, 6, 4, 3, 2, 7, 4, 1, 6, 4, 3, 5, 3]
------------------------------

Número de reinas: 75
Iteraciones: [34, 36, 32, 30, 36, 29, 33, 38, 33, 39, 32, 35, 31, 27, 37, 37, 36, 36, 33, 35]
Tiempo: [44.60677218437195, 48.21054768562317, 43.68623876571655, 42.46544170379639, 49.00868201255798, 38.898406744003296, 45.12148833274841, 51.740076541900635, 43.970418214797974, 51.272156953811646, 42.783095598220825, 48.66411852836609, 41.094488859176636, 36.76976132392883, 49.589751958847046, 48.591920137405396, 47.427534103393555, 46.815274477005005, 42.72003769874573, 46.1624972820282]
Fitness: [6, 3, 8, 4, 3, 7, 3, 5, 5, 3, 3, 3, 4, 8, 3, 3, 1, 3, 6, 5]
------------------------------

Número de reinas: 85
Iteraciones: [40, 32, 43, 33, 37, 38, 35, 39, 36, 43, 39, 35, 36, 39, 38, 37, 42, 40, 36, 38]
Tiempo: [86.15684676170349, 66.41992211341858, 89.21740365028381, 74.72717761993408, 82.15868639945984, 84.50765085220337, 73.07603931427002, 82.01263427734375, 75.40363883972168, 90.34386563301086, 81.58046531677246, 73.24695611000061, 75.74039125442505, 83.5557918548584, 80.57265973091125, 82.22825384140015, 92.65338063240051, 87.12848591804504, 78.19693446159363, 82.03743958473206]
Fitness: [3, 6, 2, 7, 3, 3, 4, 3, 3, 3, 4, 5, 4, 4, 4, 6, 4, 2, 5, 4]
------------------------------
